marks = [1,2,3,4,5,6,7,8,9,10];
freq = [1,0,0,3,7,4,11,10,2,14];